$ANSIBLE_VAULT;1.1;AES256
36383761303565376634623764653561356139313762326639633065633065393038323665333930
3231366333663265666330373265646166386138633361610a303538346435366230653361303730
63663065363538633965363733643766353031376131383938363931663439613864636466343963
3830626361353966350a326362313038373431303133666663383631343830643632356538336633
32393662623666386538653763343633653234343565363934313331393539346130316631643332
31386661363162336230623236343063353331656235666466613339386263343031333631326333
37626335303764343866383963656565396136343034333136336339633061376435333664353032
65323739656662323263363236323331366564323032653965323631373066323030363066333766
65313436393732306561346531343130313730353361616666383132363837623334316539333739
62643336353664316639633333623930336232316336393033646531316566616161393162343562
31613165346437363230383961633063613763373234396561643964323365666339626137333330
62633231353133313532616563383066333438626230393139653964336530633463343265396639
36376163636231363366653764396363336439323662323939353361353136663366363664616439
38666263633861323339346336316637353738333565663262356630313336356261393335663936
39633739323865633131376362366538376331373964393433333562353261303365353630646434
61346130613362636262393561353162643436343030323639653334366564636566356563353438
62356461633162373838646465333838306536353763323935316634623065343836303134393131
36646537653237613233323138656533373664306439323635306662616364363437363537303461
64616333666633616364626333383266313935393738643961303363346136666436333937643361
35353065623231393861353737336633386538663033373664626235306163336134353937663434
31393031353132613734393139313766373438313163323835353637663832626465656464653732
65333239363033643532343365346332653538373033316634366630343962313266353531613231
63333330663437393732393162323862313861623730353665643331373933353064386536343435
65366332323561383363626134623535303564346163353734336138313538313833343338336664
39663936323361653735303762373433626436366561323038653338626337376336626630383433
64376332383038376630313065313362666666353034623063386133343534623963373862316164
39333264613938313563666664363234353537623966303166333364396538363332666435313064
38383738303761366666343663306138376663653765346262366463636232303062626636353463
39313362376664316138613037643337616461303137623039656333353234636136323336333261
62663833363332353134326366663536396536643639653732393266363964656339373238373062
39396165646237373562306434333938343564663365663238323531316235633239363735626133
66313436356565336263373530363735656636353037396336633134663662386464633336653734
65663562343938366664383536626162326231626265343037393561333562303136656332353535
34326431663234383231663932316162616633333830613734323831656262373138383638653535
63333932356136383963623033333266343938386231373063633465366161643362663430623336
35376466373533356266373333333934373139303336376363646263396336363037633866376539
35326632323632616363306134616130326233353738353463356461366264623064356132353463
63643139373937386462383338313732333638613033376132366533343566633563393037636463
66666536393438356231623232663630343738333365393838386464663738656436393965633334
39376466613664373532353161303831346537633837623235376433313839623835353636336234
37346361373463343739343331643733333361663639353265316630643561373664643163643530
33383631333732346633306439316139346539343264613633373632333831373931303139336339
39393638613338656333396338336539393864303730643736333433353638666331376230366461
64376136346339316566393634326362373532373862313364383733366137376261396135323131
39636237626331323833633936326133666138353632633866643265366363666635623935306437
35343161303834386636393637343336333735613266313634653563633763653838316235643736
35616162306465393865346662313563633637616638626633366532623435356536323039326364
33653337333264656636393331333537393739326132343163633435356361643331653131356232
33313630393135343939316163643530303430626634366166323965363730623534623361653036
38326638356339643031366632636661393835356364316431306638376633323338623933626230
31353930643939393238646536633730633537396562356463646465326166613531356233336639
65303337373737373230323136626262353530643864383035363965616563393534663437633236
63666631333135663764623361323931616533346436356230663731656538326332316635396465
37613864626130653338326465373235303734306437393535366230636331663564326335373732
30386637306535383231666438376634623061393838306135636538663634663864356539386262
39653232653431343435336237646635323462393162376561663536646161376264663164623731
61346230303361663030666637386431353334393862313231343063396135323633396235336134
37643539393130636534356363343536386139646266343237643136393664653364366235386135
36383935626361333633353366366566616662303861633137613338383263346137633738316664
31653064356230363662366333663935316531383432363962336632363737636536666165323563
34303538613133346337636162363061633963306166356166626634636635616136373536333936
37343934656363653961313835303438363237323061646339313837626363303063326464616262
65313030303862396533313138313733633066366562353038323866303635323264383739653766
31613038653936363163656136383466646435393833376636386463396436616262653464613363
61353663313336623865623837383935386263323839386431396231303461303032613039343636
38316464353132636662656565656539356139643639323735396632363366353138383939353266
32396233643934333637393965386265646663623064653131653236366465646334316362396633
61316263633463376464323363376261333861386361383339376664626661613364373931646530
32636663663431313733363338333166346238303664653037633236383139316330393934303631
64363933353436396235366638633330623137616235323038666331393837643265313438363132
32633834663037626633653733626466373039356439383835356438373838616439653938353563
65376536643965656165313761656466343864633033316531633136333864653264386232363538
64376436386431663562346538313436326336623165643331646336313665333166353332313132
61666466666231663633323839653566646461353639633130316236386662626261663563643137
36323139633463613939633335376261373435663361383061656630613832393665636634653935
31623836383932366561323764303030313434663463646531653565323535303035653339663633
39363436666131336366313937366263316530313232626365386335316330343631386237323939
31383861373039326638353064366233356135346235666464623134356439383063646134636234
31643138353133373666366161303239633037396537333065623635336564323739626135383461
61313332356665306363303632626166353032623534333739643565326463633931623663313034
33373264643232343038313364333631393065646534366365643337613539343835623434636233
36333034306235323761373638666361323837373962633162343133356639323536313933326531
64626237666366386333613439356266386163336163666233643837613633663632363863646164
61333137376463393233636439336566393661613263656132366336643830313464356436313865
30393532343963643735613264653465323836623762356631336239353763616233366461363063
37656565663234663732633738643561343131326464326133353436656164366634633661653265
62326662356231666163353334643666633238353864303866316566623165343131646365383332
62373435396230666337
