$ANSIBLE_VAULT;1.1;AES256
32313363626335663063636265376135646335313962633861353565613865316238666635383034
6639356362623361663036653964623438626334663634610a633932623363373334623732346337
65306534353332316566336130396462386237653733643562356139633832626332333133656466
6338633233393938620a613636663962393137626437356438303535666439623362356430343832
31633333326532316563393262643739323537383131346262313233613836363236363339646532
32356431626234333532613732353263656431376166313030613131303436666230373738303437
34366330373537633837313364303038373536633733356663663232653330626533373066386534
63333930386334633666303930626531303933653835366461653735343466313036626533663533
38393031313763383362346530343362666434316134396332623966353331313138393930333538
30653563373532616636656538363166623362666335343130306138636438646161376236663138
33363636653335613762383163333938666531333262613134346266373231366631313832663531
38373963396331663366326432333733313064656134623365383864616236353433323337303964
30633833643935343032353330613564313331383762366561653364643236623563363438383534
63643863336665333233663364653931383164346265333930396361396266313631386365306238
33303338363362333832323063363537333033366263353537333161613765656361616533656638
34623036386362333234636531326430333332616236363963623333633031666530316164386364
31326335303933303463343733353933306338303235383665363265376262333437386535353630
32333639363533333530636165653138346165316664396166656232653864356563303038336437
33316465326164653430626136616263393865363338383062373066353835353532656530613738
61353866333761316433353030633433333430356166653638373563623364666165313037323130
62336534343533626634343137613035636462333834323763356130306461646631346561303032
62613461326338626536386363623534373066346233396438396630376133633433626535633365
66656430616237333165316663613065376362366638656438653564303735373666393661636264
39333735396365303232353537613665373836386635343962356165636461636531356234323161
66356538396332316433633266306433316231336431366537373561623431393830303765366635
32666565396533346464393434653365303434623633653531633837616637396631366165626538
39303531313532663661363935633538326237313332663163346238623735353639626237323966
65386631383864306333366338623839343734336230386135663633333030356337323632313635
65636664643565373662303763646530653563616265313136316562316661333932383332623662
34343332343835663539313035376238373562303161666532303064343464663264313834396466
66306561336463373534336465346561633934303930353338653331633136383761306439306336
63313434366164626431656134653036343334646131643931313832356464353931336538373764
65613664383462316462323634616435326537323165343463313234643836363236353538316437
64393162653165306562633834623635306537646261323031353939626636343236616332613363
61623063626666633139346163343566663539313663393335393835653065623932313661393365
66616331643064383961343636326565663362663135343733376437646139333864336332313363
36303630386134633437356566303936366532663036343633356662396633663764313561303836
35646235623264363861616238363566343032353239303332633038306565313631636661336130
34373036663266353739393739393638613763393163633736633330653938373833613838616432
34303762303834353530643331666332373630323663376131353839396364366230346261326263
66386536393737363332376164373135623930343738633762613966313163633634313364393135
61376262646534613438663237613532663163326236666266623063336464336563383939356239
36333064643830633330393033663235663135313836323930333635393232626163323265323037
32396562313633323962383730383364313161646662636466306536663963313139373134613339
61343939376162306435383837666531396332666135303261306331663262396230343465633038
61393461346536336162646139663538396439356432393039323062306466653735666236336434
34323335353631643663343330383330656430393336653130646336356336616530393138373039
61323831646132386635363331623838643232313863343562313735303431356333636637366639
37616163653464663562373463663937376366323863613965383530646136323637383037333931
66353837316165633537366663653961356131653038636235363266663535363630303639653339
36366463633635333834643335613338393966343063383335363532653635313234363030313463
65303736656533323039323732313464313536623063313030623034643734386261326266353264
66376532636637643232643839306634343131343437633535626234613235356636663935653961
37393039306639356565323438656264383433656463613030643134663635343862383636613763
63373665373733633037316438333633353661326432323664343033613362316134636635626630
62326338663831666137396137353663336666343232646539306232633864363464666663343430
61346330326133666536356163393932333238356130643664333238346634303861333434646138
63333730353036333664663362333663323836643132353035363665633162373139623862613433
66623232366336303735643161666539396466383431386338633063313865366664393065336133
66376330633233396539353830323035646264353866356331306234343864366130616364336265
62643961613464346539633464656333613265656635376365643062336431333063383231373039
61353363336263373431643165666366383138386263386333346265316633656363303762643834
35643031326637663063313633303535343766663262373738616562643562383531353936343835
35313031613239313966656366666130373036373763616339353561363135343930633539626434
36306534653638616139393631643061613962353631663764663933356661396537386565626166
62626335353937623830366233636234396564313633636333663364316635343535663037636666
31333439616634663066373536393138376136326136363263393732303731333032353236363533
37623639663738353633353831616463326239373562633162323838633536376338616365636364
63633334363636346331343530623763623834663037383465383333333039623835376162373533
34653232613431663735363937653161626531363738613564666437303662366133313038336562
31666363323161353831356632396433343237633138383162353739383035383235396261386533
32613433306436323739353666663862663837356232383762656536356362393036666533663735
36353532353239636339376334356430633761376633313038636539363235313864306333313433
33656264353035616333343935666133643138623363623437633662383139376233626331383531
37623238613561643965643339376362633734343061393832343838613863613731366264323139
32333731663464643232633736626261306561333865303537393062393037343164393063323965
35663038306236366335323631633964303530616236386438336433613735616564306132323636
34313834613034616633306633313963376436666435626165656364613733616236353165346437
32393433656132376461383739623534353065313335346538336639353834663331636362656332
64353332633363396635373661336639333931323834613131656334306564393930626532326331
39616362313263363165326264373865653331393636393366626135333064383332346139326336
39653366353231303465643337656336636139386366396639643864346231373263316334616466
37633432623535643038366666376164613763396264363133326532326437633765643539396361
35633166373133306636643964316165666135646663366436633765343335363935393633613433
63306134303137623462393439333630333238353263636162663934313834323732643830666162
39323365353831613231623238386165646237363932633130386164663263326433326433343432
65316662323832356430373733333934303933303236653434646164653138313962356162613539
61326239613239363366
